source	target	strength
1	2	3
1	3	2
1	4	2
1	5	3
1	10	3
1	12	7
1	16	3
1	17	3
1	20	1
1	21	4
1	24	2
1	25	3
1	26	2
1	30	1
1	31	4
1	32	3
1	34	1
1	36	6
1	37	2
1	38	1
1	40	1
1	43	1
1	46	1
1	47	3
1	48	2
1	49	6
1	50	3
1	56	10
1	57	1
2	3	2
2	4	2
2	5	3
2	10	2
2	12	3
2	16	2
2	17	6
2	21	1
2	24	1
2	25	3
2	26	2
2	30	1
2	31	3
2	32	1
2	34	1
2	36	2
2	37	2
2	38	2
2	40	1
2	47	2
2	48	1
2	49	2
2	50	2
2	56	7
2	57	1
3	4	2
3	5	4
3	10	3
3	12	5
3	16	5
3	17	5
3	18	2
3	21	1
3	24	1
3	25	3
3	26	1
3	30	1
3	31	5
3	32	1
3	34	1
3	36	3
3	37	2
3	38	1
3	40	1
3	47	2
3	48	1
3	49	4
3	50	2
3	56	5
3	57	1
4	5	2
4	10	2
4	12	2
4	16	2
4	17	2
4	21	1
4	24	1
4	25	2
4	26	1
4	30	1
4	31	3
4	32	1
4	34	1
4	36	3
4	37	2
4	38	1
4	40	1
4	47	2
4	48	1
4	49	3
4	50	2
4	56	6
4	57	1
5	9	1
5	10	3
5	12	10
5	15	1
5	16	7
5	17	9
5	21	3
5	24	1
5	25	4
5	26	6
5	30	1
5	31	5
5	32	1
5	34	2
5	36	8
5	37	4
5	38	1
5	40	2
5	43	2
5	46	5
5	47	3
5	48	2
5	49	6
5	50	4
5	56	26
5	57	1
9	56	1
10	12	5
10	16	3
10	17	5
10	18	1
10	21	2
10	24	1
10	25	3
10	26	1
10	30	1
10	31	4
10	32	1
10	34	1
10	36	2
10	37	2
10	38	1
10	40	2
10	47	1
10	48	1
10	49	3
10	50	2
10	56	7
10	57	1
12	16	6
12	17	16
12	18	1
12	21	2
12	24	1
12	25	7
12	26	3
12	30	1
12	31	15
12	32	3
12	34	2
12	36	8
12	37	3
12	38	2
12	40	2
12	42	3
12	43	2
12	47	3
12	48	3
12	49	11
12	50	2
12	56	20
12	57	3
15	16	1
15	17	1
15	25	1
15	26	1
15	36	2
15	40	1
15	50	1
15	56	5
16	17	6
16	21	1
16	24	1
16	25	3
16	26	4
16	30	1
16	31	6
16	32	1
16	34	2
16	36	4
16	37	3
16	38	2
16	40	1
16	43	1
16	47	1
16	48	2
16	49	4
16	50	2
16	56	11
16	57	1
17	21	5
17	24	1
17	25	7
17	26	2
17	30	1
17	31	17
17	32	2
17	34	1
17	36	9
17	37	2
17	38	2
17	40	1
17	42	3
17	43	1
17	46	1
17	47	6
17	48	3
17	49	9
17	50	2
17	56	37
17	57	2
18	25	1
18	36	1
18	56	6
19	49	1
20	36	4
20	47	1
20	56	5
21	24	1
21	25	3
21	31	2
21	32	1
21	36	1
21	37	1
21	38	1
21	43	1
21	47	2
21	49	2
21	50	2
21	56	10
24	25	1
24	26	1
24	31	1
24	32	1
24	36	1
24	37	1
24	38	1
24	47	1
24	49	1
24	50	1
24	56	4
25	26	1
25	30	1
25	31	10
25	32	1
25	34	1
25	36	3
25	37	2
25	38	1
25	40	3
25	43	1
25	47	3
25	48	1
25	49	4
25	50	2
25	56	21
25	57	3
26	30	1
26	31	2
26	34	1
26	36	2
26	37	1
26	40	1
26	46	2
26	48	1
26	49	1
26	50	1
26	56	8
26	57	1
30	31	1
30	34	1
30	36	1
30	37	1
30	40	1
30	47	1
30	48	1
30	49	1
30	50	1
30	56	1
30	57	1
31	32	1
31	34	2
31	36	5
31	37	3
31	38	3
31	40	1
31	42	3
31	43	1
31	46	1
31	47	4
31	48	2
31	49	6
31	50	2
31	56	23
31	57	2
32	36	1
32	37	1
32	38	1
32	47	1
32	49	2
32	50	1
32	56	3
34	36	2
34	37	2
34	40	1
34	48	2
34	49	2
34	50	1
34	56	2
34	57	1
36	37	3
36	38	1
36	40	1
36	42	1
36	43	1
36	46	2
36	47	2
36	48	3
36	49	5
36	50	5
36	56	61
36	57	1
37	38	1
37	40	1
37	47	1
37	48	2
37	49	3
37	50	2
37	56	5
37	57	1
38	47	2
38	49	4
38	50	1
38	56	3
40	43	1
40	48	1
40	49	2
40	50	1
40	56	4
40	57	1
42	56	2
43	47	1
43	50	1
43	56	1
46	56	11
47	49	3
47	50	2
47	56	8
48	49	4
48	50	1
48	56	3
48	57	1
49	50	2
49	56	13
49	57	1
50	56	4
50	57	1
56	57	3
